0 0 0 0 
1 1.51 1.54 1.52 
2 3.02 3.07 3.05 
3 4.54 4.6 4.58 
4 6.07 6.14 6.08 
5 7.58 7.68 7.61 
6 9.13 9.21 9.11 
7 10.66 10.74 10.62 
8 12.18 12.28 12.14 
9 13.73 13.79 13.67 
10 15.23 15.3 15.23 
11 16.75 16.83 16.75 
12 18.26 18.4 18.26 
13 19.78 19.95 19.76 
14 21.29 21.51 21.27 
15 22.81 23.05 22.79 
16 24.34 24.58 24.3 
17 25.87 26.08 25.85 
18 27.4 27.61 27.37 
19 28.93 29.16 28.87 
20 30.46 30.68 30.4 
21 31.98 32.2 31.93 
22 33.51 33.75 33.44 
23 35.03 35.25 34.99 
24 36.56 36.81 36.48 
