0 0 0 0 
1 6611 6733 6656 
2 13218 13425 13357 
3 19842 20122 20036 
4 26561 26830 26609 
5 33151 33574 33275 
6 39915 40281 39804 
7 46593 46965 46442 
8 53239 53688 53073 
9 59991 60268 59741 
10 66568 66881 66551 
11 73205 73571 73224 
12 79789 80397 79814 
13 86457 87187 86356 
14 93061 94000 92939 
15 99703 100714 99583 
16 106363 107429 106208 
17 113071 113965 112964 
18 119741 120638 119621 
19 126402 127439 126159 
20 133100 134072 132828 
21 139744 140731 139525 
22 146411 147462 146127 
23 153068 154042 152890 
24 159743 160837 159420 
25 166427 167518 166055 
