0 0 0 0 
1 1.49 1.54 1.53 
2 3.01 3.07 3.06 
3 4.54 4.63 4.55 
4 6.07 6.15 6.08 
5 7.6 7.67 7.61 
6 9.13 9.17 9.14 
7 10.64 10.69 10.7 
8 12.18 12.22 12.21 
9 13.73 13.71 13.74 
10 15.24 15.23 15.29 
11 16.79 16.73 16.82 
12 18.34 18.25 18.32 
13 19.87 19.77 19.85 
14 21.4 21.3 21.37 
15 22.94 22.82 22.88 
16 24.47 24.35 24.4 
17 26 25.89 25.91 
18 27.54 27.42 27.42 
19 29.07 28.96 28.93 
20 30.6 30.5 30.43 
21 32.13 32.05 31.93 
22 33.66 33.57 33.46 
23 35.2 35.09 34.98 
24 55 18.33 36.52 
25 57.29 19.1 38.03 
