0 0 0 0 
1 6522 6758 6720 
2 13177 13444 13379 
3 19854 20233 19913 
4 26544 26885 26571 
5 33211 33532 33257 
6 39926 40105 39969 
7 46525 46719 46756 
8 53226 53397 53377 
9 60007 59932 60061 
10 66617 66562 66821 
11 73360 73133 73507 
12 80159 79771 80070 
13 86860 86401 86739 
14 93537 93080 93383 
15 100269 99742 99989 
16 106946 106418 106636 
17 113631 113121 113248 
18 120329 119844 119827 
19 127045 126555 126400 
20 133715 133302 132983 
21 140412 140064 139524 
22 147106 146700 146194 
23 153815 153349 152836 
24 240334 80098 159568 
