0 0 0 0 
1 3261 3379 3360 
2 6588 6722 6689 
3 9927 10116 9956 
4 13272 13442 13285 
5 16605 16766 16628 
6 19963 20052 19984 
7 23262 23359 23378 
8 26613 26698 26688 
9 30003 29966 30030 
10 33308 33281 33410 
11 36680 36566 36753 
12 40079 39885 40035 
13 43430 43200 43369 
14 46768 46540 46691 
15 50134 49871 49994 
16 53473 53209 53318 
17 56815 56560 56624 
18 60164 59922 59913 
19 63522 63277 63200 
20 66857 66651 66491 
21 70206 70032 69762 
22 73553 73350 73097 
23 76907 76674 76418 
24 80111 26699 39892 
