0 0 0 0 
1 2125 9327 8548 
2 4195 18763 17042 
3 6298 28089 25613 
4 8467 37343 34190 
5 10547 46783 42670 
6 12609 56188 51203 
7 14671 65571 59758 
8 16789 74948 68263 
9 18840 84312 76848 
10 20941 93636 85423 
11 22990 102964 94046 
12 64366 73080 102554 
13 69783 79201 111016 
14 75256 85206 119538 
15 80654 91221 128125 
16 86001 97368 136631 
17 91407 103413 145180 
18 96787 109452 153761 
19 102155 115454 162391 
20 107441 121524 171035 
21 112758 127670 179572 
22 118117 133780 188103 
23 198222 139747 122031 
24 206767 145790 127443 
25 215318 151923 132759 
