0 0 0 0 
1 2125 9327 8548 
2 4195 18763 17042 
3 6298 28089 25613 
4 8467 37343 34190 
5 10547 46783 42670 
6 12609 56188 51203 
7 14671 65571 59758 
8 16789 74948 68263 
9 9420 42156 76848 
10 10470 46818 85423 
11 11495 25741 31348 
12 21455 24360 34184 
13 23261 26400 37005 
14 25085 28402 39846 
15 26884 30407 42708 
16 28667 32456 45543 
17 30469 34471 48393 
18 32262 36484 51253 
19 34051 38484 54130 
20 35813 40508 57011 
21 37586 42556 59857 
22 39372 44593 62701 
23 49555 46582 30507 
24 51691 48596 31860 
25 53829 50641 33189 
